3.750000000000000000e+01 3.666666666666666515e+03
2.625000000000000000e+01 4.833333333333333030e+03
4.875000000000000000e+01 2.888888888888888687e+03
2.062500000000000000e+01 4.055555555555555657e+03
4.312500000000000000e+01 5.222222222222221717e+03
3.187500000000000000e+01 3.277777777777777828e+03
5.437500000000000000e+01 4.444444444444444343e+03
1.781250000000000000e+01 5.611111111111111313e+03
4.031250000000000000e+01 2.629629629629629562e+03
2.906250000000000000e+01 3.796296296296296532e+03
5.156250000000000000e+01 4.962962962962963502e+03
2.343750000000000000e+01 3.018518518518518249e+03
4.593750000000000000e+01 4.185185185185185219e+03
3.468750000000000000e+01 5.351851851851851279e+03
5.718750000000000000e+01 3.407407407407407391e+03
1.640625000000000000e+01 4.574074074074073906e+03
3.890625000000000000e+01 5.740740740740740875e+03
2.765625000000000000e+01 2.759259259259259125e+03
5.015625000000000000e+01 3.925925925925926094e+03
2.203125000000000000e+01 5.092592592592593064e+03
4.453125000000000000e+01 3.148148148148148266e+03
3.328125000000000000e+01 4.314814814814814781e+03
5.578125000000000000e+01 5.481481481481481751e+03
1.921875000000000000e+01 3.537037037037036953e+03
4.171875000000000000e+01 4.703703703703704377e+03
3.046875000000000000e+01 5.870370370370370438e+03
5.296875000000000000e+01 2.543209876543209703e+03
2.484375000000000000e+01 3.709876543209876218e+03
4.734375000000000000e+01 4.876543209876543187e+03
3.609375000000000000e+01 2.932098765432098844e+03
5.859375000000000000e+01 4.098765432098765814e+03
1.570312500000000000e+01 5.265432098765431874e+03
3.820312500000000000e+01 3.320987654320987531e+03
2.695312500000000000e+01 4.487654320987654501e+03
4.945312500000000000e+01 5.654320987654320561e+03
2.132812500000000000e+01 2.672839506172839720e+03
4.382812500000000000e+01 3.839506172839505780e+03
3.257812500000000000e+01 5.006172839506172750e+03
5.507812500000000000e+01 3.061728395061728406e+03
1.851562500000000000e+01 4.228395061728395376e+03
4.101562500000000000e+01 5.395061728395061436e+03
2.976562500000000000e+01 3.450617283950617093e+03
5.226562500000000000e+01 4.617283950617284063e+03
2.414062500000000000e+01 5.783950617283950123e+03
4.664062500000000000e+01 2.802469135802469282e+03
3.539062500000000000e+01 3.969135802469135797e+03
5.789062500000000000e+01 5.135802469135802312e+03
1.710937500000000000e+01 3.191358024691357969e+03
3.960937500000000000e+01 4.358024691358024938e+03
2.835937500000000000e+01 5.524691358024690999e+03
5.085937500000000000e+01 3.580246913580246655e+03
2.273437500000000000e+01 4.746913580246913625e+03
4.523437500000000000e+01 5.913580246913579685e+03
3.398437500000000000e+01 2.586419753086419860e+03
5.648437500000000000e+01 3.753086419753086375e+03
1.992187500000000000e+01 4.919753086419752435e+03
4.242187500000000000e+01 2.975308641975308547e+03
3.117187500000000000e+01 4.141975308641975062e+03
5.367187500000000000e+01 5.308641975308641122e+03
2.554687500000000000e+01 3.364197530864197688e+03
4.804687500000000000e+01 4.530864197530863748e+03
3.679687500000000000e+01 5.697530864197530718e+03
5.929687500000000000e+01 2.716049382716049422e+03
1.535156250000000000e+01 3.882716049382715937e+03
3.785156250000000000e+01 5.049382716049382907e+03
2.660156250000000000e+01 3.104938271604938109e+03
4.910156250000000000e+01 4.271604938271604624e+03
2.097656250000000000e+01 5.438271604938270684e+03
4.347656250000000000e+01 3.493827160493827250e+03
3.222656250000000000e+01 4.660493827160493311e+03
5.472656250000000000e+01 5.827160493827160280e+03
1.816406250000000000e+01 2.845679012345678984e+03
4.066406250000000000e+01 4.012345679012345499e+03
2.941406250000000000e+01 5.179012345679011560e+03
5.191406250000000000e+01 3.234567901234568126e+03
2.378906250000000000e+01 4.401234567901234186e+03
4.628906250000000000e+01 5.567901234567900246e+03
3.503906250000000000e+01 3.623456790123456813e+03
5.753906250000000000e+01 4.790123456790122873e+03
1.675781250000000000e+01 5.956790123456789843e+03
3.925781250000000000e+01 2.514403292181069901e+03
2.800781250000000000e+01 3.681069958847736416e+03
5.050781250000000000e+01 4.847736625514402476e+03
2.238281250000000000e+01 2.903292181069959042e+03
4.488281250000000000e+01 4.069958847736625103e+03
3.363281250000000000e+01 5.236625514403291163e+03
5.613281250000000000e+01 3.292181069958847729e+03
1.957031250000000000e+01 4.458847736625514699e+03
4.207031250000000000e+01 5.625514403292180759e+03
3.082031250000000000e+01 2.644032921810699463e+03
5.332031250000000000e+01 3.810699588477365978e+03
2.519531250000000000e+01 4.977366255144032948e+03
4.769531250000000000e+01 3.032921810699588605e+03
3.644531250000000000e+01 4.199588477366254665e+03
5.894531250000000000e+01 5.366255144032920725e+03
1.605468750000000000e+01 3.421810699588477291e+03
3.855468750000000000e+01 4.588477366255143352e+03
2.730468750000000000e+01 5.755144032921810322e+03
4.980468750000000000e+01 2.773662551440329025e+03
2.167968750000000000e+01 3.940329218106995540e+03
4.417968750000000000e+01 5.106995884773662510e+03
3.292968750000000000e+01 3.162551440329218167e+03
5.542968750000000000e+01 4.329218106995884227e+03
1.886718750000000000e+01 5.495884773662551197e+03
4.136718750000000000e+01 3.551440329218106854e+03
3.011718750000000000e+01 4.718106995884773823e+03
5.261718750000000000e+01 5.884773662551439884e+03
2.449218750000000000e+01 2.557613168724279603e+03
4.699218750000000000e+01 3.724279835390946573e+03
3.574218750000000000e+01 4.890946502057612634e+03
5.824218750000000000e+01 2.946502057613168745e+03
1.746093750000000000e+01 4.113168724279835260e+03
3.996093750000000000e+01 5.279835390946502230e+03
2.871093750000000000e+01 3.335390946502057432e+03
5.121093750000000000e+01 4.502057613168724856e+03
2.308593750000000000e+01 5.668724279835390917e+03
4.558593750000000000e+01 2.687242798353909620e+03
3.433593750000000000e+01 3.853909465020576135e+03
5.683593750000000000e+01 5.020576131687243105e+03
2.027343750000000000e+01 3.076131687242798307e+03
4.277343750000000000e+01 4.242798353909464822e+03
3.152343750000000000e+01 5.409465020576131792e+03
5.402343750000000000e+01 3.465020576131686994e+03
2.589843750000000000e+01 4.631687242798354418e+03
4.839843750000000000e+01 5.798353909465020479e+03
3.714843750000000000e+01 2.816872427983539183e+03
5.964843750000000000e+01 3.983539094650205698e+03
1.517578125000000000e+01 5.150205761316872668e+03
3.767578125000000000e+01 3.205761316872427869e+03
2.642578125000000000e+01 4.372427983539094384e+03
4.892578125000000000e+01 5.539094650205761354e+03
2.080078125000000000e+01 3.594650205761317011e+03
4.330078125000000000e+01 4.761316872427983981e+03
3.205078125000000000e+01 5.927983539094650041e+03
5.455078125000000000e+01 2.600823045267489761e+03
1.798828125000000000e+01 3.767489711934156276e+03
4.048828125000000000e+01 4.934156378600822791e+03
2.923828125000000000e+01 2.989711934156378447e+03
5.173828125000000000e+01 4.156378600823045417e+03
2.361328125000000000e+01 5.323045267489711478e+03
4.611328125000000000e+01 3.378600823045267134e+03
3.486328125000000000e+01 4.545267489711934104e+03
5.736328125000000000e+01 5.711934156378600164e+03
1.658203125000000000e+01 2.730452674897119323e+03
3.908203125000000000e+01 3.897119341563785838e+03
2.783203125000000000e+01 5.063786008230452353e+03
5.033203125000000000e+01 3.119341563786008010e+03
2.220703125000000000e+01 4.286008230452674979e+03
4.470703125000000000e+01 5.452674897119341040e+03
3.345703125000000000e+01 3.508230452674897151e+03
5.595703125000000000e+01 4.674897119341563666e+03
1.939453125000000000e+01 5.841563786008229727e+03
4.189453125000000000e+01 2.860082304526748885e+03
3.064453125000000000e+01 4.026748971193415400e+03
5.314453125000000000e+01 5.193415637860081915e+03
2.501953125000000000e+01 3.248971193415637572e+03
4.751953125000000000e+01 4.415637860082304542e+03
3.626953125000000000e+01 5.582304526748970602e+03
5.876953125000000000e+01 3.637860082304526713e+03
1.587890625000000000e+01 4.804526748971193228e+03
3.837890625000000000e+01 5.971193415637859289e+03
2.712890625000000000e+01 2.528806584362139802e+03
4.962890625000000000e+01 3.695473251028806772e+03
2.150390625000000000e+01 4.862139917695472832e+03
4.400390625000000000e+01 2.917695473251028943e+03
3.275390625000000000e+01 4.084362139917695458e+03
5.525390625000000000e+01 5.251028806584361519e+03
1.869140625000000000e+01 3.306584362139917630e+03
4.119140625000000000e+01 4.473251028806584145e+03
2.994140625000000000e+01 5.639917695473250205e+03
5.244140625000000000e+01 2.658436213991769364e+03
2.431640625000000000e+01 3.825102880658436334e+03
4.681640625000000000e+01 4.991769547325102394e+03
3.556640625000000000e+01 3.047325102880658505e+03
5.806640625000000000e+01 4.213991769547325021e+03
1.728515625000000000e+01 5.380658436213991081e+03
3.978515625000000000e+01 3.436213991769547192e+03
2.853515625000000000e+01 4.602880658436213707e+03
5.103515625000000000e+01 5.769547325102879768e+03
2.291015625000000000e+01 2.788065843621398926e+03
4.541015625000000000e+01 3.954732510288065896e+03
3.416015625000000000e+01 5.121399176954731956e+03
5.666015625000000000e+01 3.176954732510288068e+03
2.009765625000000000e+01 4.343621399176954583e+03
4.259765625000000000e+01 5.510288065843620643e+03
3.134765625000000000e+01 3.565843621399177209e+03
5.384765625000000000e+01 4.732510288065843270e+03
2.572265625000000000e+01 5.899176954732509330e+03
4.822265625000000000e+01 2.572016460905349959e+03
3.697265625000000000e+01 3.738683127572016474e+03
5.947265625000000000e+01 4.905349794238682080e+03
1.552734375000000000e+01 2.960905349794238646e+03
3.802734375000000000e+01 4.127572016460905616e+03
2.677734375000000000e+01 5.294238683127571676e+03
4.927734375000000000e+01 3.349794238683127332e+03
2.115234375000000000e+01 4.516460905349794302e+03
4.365234375000000000e+01 5.683127572016461272e+03
3.240234375000000000e+01 2.701646090534979521e+03
5.490234375000000000e+01 3.868312757201646036e+03
1.833984375000000000e+01 5.034979423868313461e+03
4.083984375000000000e+01 3.090534979423868208e+03
2.958984375000000000e+01 4.257201646090534268e+03
5.208984375000000000e+01 5.423868312757201238e+03
2.396484375000000000e+01 3.479423868312757349e+03
4.646484375000000000e+01 4.646090534979423865e+03
3.521484375000000000e+01 5.812757201646090834e+03
5.771484375000000000e+01 2.831275720164609083e+03
1.693359375000000000e+01 3.997942386831275599e+03
3.943359375000000000e+01 5.164609053497942114e+03
2.818359375000000000e+01 3.220164609053497770e+03
5.068359375000000000e+01 4.386831275720163831e+03
2.255859375000000000e+01 5.553497942386830800e+03
4.505859375000000000e+01 3.609053497942386912e+03
3.380859375000000000e+01 4.775720164609053427e+03
5.630859375000000000e+01 5.942386831275719487e+03
1.974609375000000000e+01 2.615226337448559661e+03
4.224609375000000000e+01 3.781893004115226177e+03
3.099609375000000000e+01 4.948559670781893146e+03
5.349609375000000000e+01 3.004115226337448348e+03
2.537109375000000000e+01 4.170781893004114863e+03
4.787109375000000000e+01 5.337448559670781833e+03
3.662109375000000000e+01 3.393004115226337490e+03
5.912109375000000000e+01 4.559670781893004460e+03
1.623046875000000000e+01 5.726337448559670520e+03
3.873046875000000000e+01 2.744855967078189224e+03
2.748046875000000000e+01 3.911522633744855739e+03
4.998046875000000000e+01 5.078189300411522709e+03
2.185546875000000000e+01 3.133744855967078365e+03
4.435546875000000000e+01 4.300411522633745335e+03
3.310546875000000000e+01 5.467078189300411395e+03
5.560546875000000000e+01 3.522633744855967052e+03
1.904296875000000000e+01 4.689300411522634022e+03
4.154296875000000000e+01 5.855967078189300082e+03
3.029296875000000000e+01 2.874485596707818786e+03
5.279296875000000000e+01 4.041152263374485301e+03
2.466796875000000000e+01 5.207818930041152271e+03
4.716796875000000000e+01 3.263374485596707927e+03
3.591796875000000000e+01 4.430041152263373988e+03
5.841796875000000000e+01 5.596707818930040958e+03
1.763671875000000000e+01 3.652263374485596614e+03
4.013671875000000000e+01 4.818930041152263584e+03
2.888671875000000000e+01 5.985596707818929644e+03
5.138671875000000000e+01 2.504801097393689815e+03
2.326171875000000000e+01 3.671467764060356785e+03
4.576171875000000000e+01 4.838134430727022846e+03
3.451171875000000000e+01 2.893689986282578957e+03
5.701171875000000000e+01 4.060356652949245472e+03
2.044921875000000000e+01 5.227023319615911532e+03
4.294921875000000000e+01 3.282578875171467644e+03
3.169921875000000000e+01 4.449245541838134159e+03
5.419921875000000000e+01 5.615912208504800219e+03
2.607421875000000000e+01 2.634430727023319378e+03
4.857421875000000000e+01 3.801097393689986347e+03
3.732421875000000000e+01 4.967764060356652408e+03
5.982421875000000000e+01 3.023319615912208519e+03
1.508789062500000000e+01 4.189986282578875034e+03
3.758789062500000000e+01 5.356652949245541095e+03
2.633789062500000000e+01 3.412208504801097661e+03
4.883789062500000000e+01 4.578875171467763721e+03
2.071289062500000000e+01 5.745541838134429781e+03
4.321289062500000000e+01 2.764060356652949395e+03
3.196289062500000000e+01 3.930727023319615910e+03
5.446289062500000000e+01 5.097393689986281970e+03
1.790039062500000000e+01 3.152949245541838081e+03
4.040039062500000000e+01 4.319615912208504596e+03
2.915039062500000000e+01 5.486282578875170657e+03
5.165039062500000000e+01 3.541838134430727223e+03
2.352539062500000000e+01 4.708504801097393283e+03
4.602539062500000000e+01 5.875171467764059344e+03
3.477539062500000000e+01 2.548010973936899973e+03
5.727539062500000000e+01 3.714677640603566488e+03
1.649414062500000000e+01 4.881344307270232093e+03
3.899414062500000000e+01 2.936899862825788659e+03
2.774414062500000000e+01 4.103566529492455629e+03
5.024414062500000000e+01 5.270233196159121690e+03
2.211914062500000000e+01 3.325788751714677801e+03
4.461914062500000000e+01 4.492455418381344316e+03
3.336914062500000000e+01 5.659122085048011286e+03
5.586914062500000000e+01 2.677640603566529535e+03
1.930664062500000000e+01 3.844307270233196050e+03
4.180664062500000000e+01 5.010973936899863475e+03
3.055664062500000000e+01 3.066529492455418222e+03
5.305664062500000000e+01 4.233196159122085191e+03
2.493164062500000000e+01 5.399862825788751252e+03
4.743164062500000000e+01 3.455418381344307363e+03
3.618164062500000000e+01 4.622085048010973878e+03
5.868164062500000000e+01 5.788751714677640848e+03
1.579101562500000000e+01 2.807270233196159097e+03
3.829101562500000000e+01 3.973936899862826067e+03
2.704101562500000000e+01 5.140603566529492127e+03
4.954101562500000000e+01 3.196159122085047784e+03
2.141601562500000000e+01 4.362825788751713844e+03
4.391601562500000000e+01 5.529492455418380814e+03
3.266601562500000000e+01 3.585048010973936925e+03
5.516601562500000000e+01 4.751714677640603441e+03
1.860351562500000000e+01 5.918381344307269501e+03
4.110351562500000000e+01 2.591220850480109675e+03
2.985351562500000000e+01 3.757887517146776190e+03
5.235351562500000000e+01 4.924554183813443160e+03
2.422851562500000000e+01 2.980109739368998817e+03
