27.492280248943413 6991.18916274119 13.9462595 21.262974 18.217821
24.78247544118841 9678.418619566297 14.520399 22.037222 18.460672
34.952055486404376 9102.77394901283 14.070926 21.421125 18.390379
17.971297975937908 3724.8665397226587 13.578528 20.611658 15.076979
37.0426021834019 2116.1642345656737 9.0445595 16.2962 12.10591
40.00400058635131 3371.4686243415454 10.95287 18.09831 14.3673935
36.21664776399054 1661.168707251546 8.200362 15.468148 11.274467
44.965446052411465 3275.536811885773 10.356023 17.58963 14.178074
23.36456450931002 7707.555688982375 14.249009 21.73594 18.397974 
27.773090964470462 7237.2396790655885 13.981728 21.31975 18.36353
26.623241809282025 3612.783932272408 12.775548 19.507225 14.725541
39.95384583817594 5402.340524477873 13.100879 19.801426 16.91099
39.3313700795523 8777.466664657319 13.9199 21.173122 18.370216
42.306994772818285 4191.130230304462 11.889137 18.825092 15.622695
33.92157011123493 6711.670407125321 13.691509 20.794634 17.99998
32.726357821687344 3900.3028689517582 12.469639 19.2235 15.182704
21.09833027506595 7892.1970805705705 14.401869 21.933231 18.420303
33.34362139978432 6546.617429884849 13.673487 20.761797 17.884819
43.83719064183144 8347.796301957187 13.763097 20.912125 18.352064
24.0721716704844 7601.1656193995395 14.196635 21.661835 18.390427
40.741479973779974 9501.99752089275 13.996074 21.288153 18.384382
21.97161774048835 8155.55883651147 14.4025545 21.926937 18.423553
30.34240126832203 1851.707080846776 9.187382 16.417557 11.643018
25.80074140068718 3007.636183226791 12.1731415 18.997305 13.818495
25.29964891008126 2586.698700056675 11.488827 18.487148 13.094448
26.489471442369272 5012.80549472952 13.533386 20.509848 16.62106
32.074572803719896 1744.8944215195531 8.760383 16.00948 11.446861
30.983574848066546 6070.996608347046 13.641116 20.702091 17.529036
20.355850984222347 2793.619859434176 12.676125 19.426594 13.470601
22.5730850801985 8617.996170011955 14.453227 21.978323 18.436665
41.458985127868516 6925.720965754781 13.538582 20.522846 18.122683
35.96787566372791 6428.437844040634 13.568597 20.567062 17.780756
18.370366785097243 8919.823374924437 14.779418 22.337996 18.494806
29.74820918826989 5571.758721326658 13.558585 20.546867 17.117908
38.366936895656394 9852.751823711795 14.095991 21.44576 18.399967
22.810373334634043 7322.575201984981 14.203403 21.680946 18.388187
34.4668337595742 5904.042186756873 13.4812355 20.410425 17.398026
28.78761541437762 9302.599453970326 14.293535 21.754282 18.4216
31.225963533298618 8121.712157494925 14.021731 21.36389 18.3759
37.71910045021389 4582.7750076603625 12.680483 19.403303 16.111675
28.254349356302697 6109.5420150759655 13.742809 20.899696 17.578474
43.93121729380567 4851.607509086229 12.50684 19.230263 16.39322
20.505628372905115 4495.132156099355 13.681885 20.79398 16.104687
41.650236204528454 5719.227994490509 13.167034 19.915129 17.19528
37.914862909816506 2395.5268269796393 9.489185 16.730476 12.679652
19.063491603705863 3097.828236276144 13.155188 19.870977 13.876051
17.049388170698 4365.668353394969 13.838349 21.144066 16.037909
19.581070734704774 5149.862049869256 13.898836 21.23439 16.823982
32.55515164052054 9458.343680100872 14.191512 21.603636 18.40922
42.9509066662484 2273.9340068281317 8.858267 16.133175 12.413172












































 

































