1.394723544508325119e+01
1.455017119544401716e+01
1.407099441008095120e+01
1.360540665479104128e+01
9.019670072890727752e+00
1.097426229667473230e+01
8.209200973914301258e+00
1.035586445131573008e+01
1.398132962663149037e+01
1.279582728963658234e+01
1.309695716333154714e+01
1.392173728234588204e+01
1.191629207167675908e+01
1.369162745755452626e+01
1.242432680161724257e+01
1.440049794630609448e+01
1.367295251650702959e+01
1.375931356624595914e+01
1.419856182317874982e+01
1.399408116343025021e+01
1.440220798377551858e+01
9.192583455413886995e+00
1.212701235585852011e+01
1.155446207004141534e+01
1.354432428701753643e+01
8.763576369309808101e+00
1.363937376873497875e+01
1.258368019778062141e+01
1.446867279647924498e+01
1.353734235065981295e+01
1.356983671662256974e+01
1.471003734778989802e+01
1.355850137123850097e+01
1.409617315337980159e+01
1.420220323567529697e+01
1.348531651901112127e+01
1.428971055460248074e+01
1.401166839114476836e+01
1.267845390622113122e+01
1.374465385444197274e+01
1.247094077530085876e+01
1.366673614243765833e+01
1.317133956137670303e+01
9.508620501472003994e+00
1.318143639639935039e+01
1.385661473893019036e+01
1.390070882355539972e+01
1.419127899125051862e+01
8.821301226960869712e+00
