2.126393899464423853e+01
2.206092431952216515e+01
2.142118012374226055e+01
2.132033430727744161e+01
2.117781611264980768e+01
2.079407510477980026e+01
2.193450108478272753e+01
2.075945924065651482e+01
2.089386948304071012e+01
2.166211795059248857e+01
2.128874285764736385e+01
2.192684622196626520e+01
2.071019337771038238e+01
2.198181367038408496e+01
2.051329331693381519e+01
2.058177058814220928e+01
2.230180140279547629e+01
2.144582501865684065e+01
2.167590304600785345e+01
2.174750388701525239e+01
2.136700609444254084e+01
2.089355889366961705e+01
2.160399909560148757e+01
