1.824470388745676530e+01
1.844430626963932696e+01
1.839679656289442633e+01
1.834071450372433887e+01
1.837081463132804870e+01
1.800041410214227966e+01
1.840593209407333219e+01
1.788322637120049663e+01
1.832097467774007171e+01
1.841693712412271466e+01
1.837158199119018676e+01
1.841294039367915403e+01
1.754479406956160403e+01
1.846021623798031897e+01
1.812508589447969598e+01
1.778301077115445494e+01
1.845543265779754449e+01
1.842614890736030731e+01
1.839752925623162128e+01
1.842261108297172001e+01
1.839497686159970513e+01
1.756467691465819669e+01
1.841377737850850949e+01
