2.126508017366815650e+01
2.206005793618629340e+01
2.142214248398698118e+01
2.055463782731411371e+01
1.627786832060914790e+01
1.807600917048340250e+01
1.546251566239614661e+01
1.761545092509501487e+01
2.132128060263976366e+01
1.952828191345749786e+01
1.981361192029108054e+01
2.117585771031576769e+01
1.880467482950285429e+01
2.079411342358362447e+01
1.921812947388260184e+01
2.193704274684218447e+01
2.075999359250369025e+01
2.089987720546451300e+01
2.165928286783087842e+01
2.128643537745008629e+01
2.192414900996148575e+01
1.642085477375160707e+01
1.898653648397522886e+01
1.849569378797643182e+01
2.049347070899219148e+01
1.601470274507021685e+01
2.070219949829612460e+01
1.935556095575021374e+01
2.198762608920498351e+01
2.051654852627468983e+01
2.057403053959611228e+01
2.230771288421461307e+01
2.055166297038099188e+01
2.144523076682295581e+01
2.167840328568150099e+01
2.040496158627346546e+01
2.175064883942190974e+01
2.136467996787322576e+01
1.941358184948093779e+01
2.090158278308710749e+01
1.923074078480888360e+01
2.082864878208886594e+01
1.990256251490194117e+01
1.675263843265021180e+01
1.994000156779570787e+01
2.111962671389203905e+01
2.122919570162718017e+01
2.160300110506408799e+01
1.609995055050843860e+01
