1.394723544522877035e+01
1.455017118481748106e+01
1.407099441051568967e+01
1.360540665305754437e+01
9.019670082509543718e+00
1.097426235584236487e+01
8.209200968772018214e+00
1.035586433808636819e+01
1.398132962707259530e+01
1.279582732979532089e+01
1.309695716280313071e+01
1.392173727871608868e+01
1.191629210616206969e+01
1.369162745617573229e+01
1.242432680062953132e+01
1.440049795155478840e+01
1.367295251674440770e+01
1.375931356547561712e+01
1.419856183089490287e+01
1.399408116312375050e+01
1.440220798413295000e+01
9.192583440069801881e+00
1.212701234550483242e+01
1.155446208327638224e+01
1.354432428788337539e+01
8.763576342050432899e+00
1.363937376348537533e+01
1.258368003969861881e+01
1.446867276355280829e+01
1.353734234245980872e+01
1.356983671622603005e+01
1.471003735364522491e+01
1.355850137034628666e+01
1.409617315506873325e+01
1.420220323349614766e+01
1.348531651893108574e+01
1.428971056049782540e+01
1.401166838954223870e+01
1.267845393430087064e+01
1.374465386276566825e+01
1.247094080247292247e+01
1.366673615798274177e+01
1.317133954752509872e+01
9.508620500411533172e+00
1.318143632377256047e+01
1.385661470623567482e+01
1.390070886037356424e+01
1.419127898573898072e+01
8.821301293783264441e+00
