1.394580365450781478e+01
1.453285419032536474e+01
1.407140689238988784e+01
1.398205886551754595e+01
1.391367056149011461e+01
1.368964238201366435e+01
1.440341327133505800e+01
1.367391110136215282e+01
1.374814164791519566e+01
1.419519626547991642e+01
1.399978789868590567e+01
1.440205103002179676e+01
1.364339559311218864e+01
1.445482744259180485e+01
1.354447138796271410e+01
1.357896476290893162e+01
1.472403179589920086e+01
1.409656642623953005e+01
1.420451688371729126e+01
1.428820106442551641e+01
1.402588503413007182e+01
1.374246306590534239e+01
1.419233283122365386e+01
