1.824709438043027632e+01
1.845723114914919805e+01
1.838975253293603984e+01
1.494848253768760671e+01
1.212189942273277055e+01
1.430619269018749407e+01
1.128442840060010965e+01
1.425305308704246343e+01
1.832686525170867853e+01
1.478830999812974412e+01
1.691377828364298352e+01
1.836712564718115459e+01
1.557651736006015142e+01
1.800388513405451718e+01
1.520205929756082242e+01
1.840815660163423217e+01
1.788033295893444574e+01
1.835214415083529005e+01
1.842172528915098084e+01
1.838162669405512517e+01
1.842514440247721552e+01
1.164679443880713094e+01
1.373530291070791520e+01
1.312760998553644143e+01
1.660674938528186217e+01
1.144263538707369321e+01
1.753967729201066916e+01
1.341218488082276039e+01
1.844727451899758108e+01
1.811325851070790449e+01
1.778497592754902357e+01
1.847229445292634509e+01
1.714540311921745186e+01
1.840428079839573527e+01
1.838167984249419362e+01
1.737547836446943350e+01
1.842613029970237548e+01
1.838068101285493228e+01
1.611002815388268061e+01
1.756666488759619327e+01
1.638790104606461639e+01
1.614292282139153656e+01
1.721035962918811535e+01
1.267111927926775294e+01
1.399978924740136321e+01
1.600132408341296752e+01
1.681453499201592194e+01
1.840825960144132267e+01
1.240222710056566413e+01
