1.824470388763953110e+01
1.844430626923457694e+01
1.839679652399427212e+01
1.834071449849841073e+01
1.837081462499638818e+01
1.800041409940633486e+01
1.840593209384062945e+01
1.788322637124626979e+01
1.832097468160224096e+01
1.841693712273663763e+01
1.837158199813286430e+01
1.841294038896495877e+01
1.754479406512457729e+01
1.846021623982736060e+01
1.812508589308566798e+01
1.778301076945665571e+01
1.845543258767536088e+01
1.842614889903513387e+01
1.839752925658926586e+01
1.842261108637062961e+01
1.839497686137221777e+01
1.756467691372547435e+01
1.841377736286466060e+01
