1.391012486641640855e+01
1.410448275420244535e+01
1.407048698859571267e+01
1.366306354369566378e+01
9.063954817980725664e+00
1.101602686015285393e+01
8.081732884780157278e+00
1.040709107973027514e+01
1.394170004472882951e+01
1.270481052436861980e+01
1.307332244072283167e+01
1.382888693722749096e+01
1.187693659872685359e+01
1.367773946167840116e+01
1.238063443835332933e+01
1.438002569979103029e+01
1.367012948021554841e+01
1.383099577880194886e+01
1.417297432397161394e+01
1.397240967623092978e+01
1.444439945100481815e+01
9.269046145299354222e+00
1.208071393563901808e+01
1.157081273453911408e+01
1.362010768699740026e+01
8.747418049410399021e+00
1.366593524824672556e+01
1.260552147230940712e+01
1.457578424889564950e+01
1.361307062335013107e+01
1.358058111520395350e+01
1.461548362115018485e+01
1.361273489493437694e+01
1.414775806961688609e+01
1.413789653311386907e+01
1.351019467750013980e+01
1.434551401743327048e+01
1.398064115453924749e+01
1.262587348684545674e+01
1.376538863781529898e+01
1.244955766858007351e+01
1.378070165684813198e+01
1.318949147535468569e+01
9.551452990899891304e+00
1.313491507674643266e+01
1.374725442975506873e+01
1.382453663689711476e+01
1.422056019439811436e+01
8.794949584315695290e+00
