2.126393903758165393e+01
2.206092423638525446e+01
2.142118013967638035e+01
2.132033430744558444e+01
2.117781607359144402e+01
2.079407510508249146e+01
2.193450109055978103e+01
2.075945923956983918e+01
2.089386949190816978e+01
2.166211795098544712e+01
2.128874285287643886e+01
2.192684622168773245e+01
2.071019339464989173e+01
2.198181368899837196e+01
2.051329331964968006e+01
2.058177055591744775e+01
2.230180136818931658e+01
2.144582501840877597e+01
2.167590304006254343e+01
2.174750389193289024e+01
2.136700609329495748e+01
2.089355889664917854e+01
2.160399909599893675e+01
