1.824709438043027632e+01
1.845723117017125858e+01
1.838975253856035508e+01
1.494848255206853693e+01
1.212189942273277055e+01
1.430619266832869840e+01
1.128442838571531937e+01
1.425305303060513396e+01
1.832686528985925278e+01
1.478831010703082072e+01
1.691377829364651575e+01
1.836712564448359331e+01
1.557651749901911842e+01
1.800388512705504596e+01
1.520205914848463635e+01
1.840815660263467635e+01
1.788033296476248779e+01
1.835214410722683809e+01
1.842172528395594711e+01
1.838162664725616580e+01
1.842514441401324632e+01
1.164679442014157118e+01
1.373530290984207625e+01
1.312761000406830547e+01
1.660674942770797102e+01
1.144263538246983103e+01
1.753967729169234602e+01
1.341218488757848704e+01
1.844727455636189717e+01
1.811325852469638775e+01
1.778497592754902357e+01
1.847229447645610989e+01
1.714540312748953355e+01
1.840428078902998621e+01
1.838167980624423592e+01
1.737547835739743007e+01
1.842613029955685633e+01
1.838068101847015257e+01
1.611002815428877000e+01
1.756666488654538583e+01
1.638790104959163685e+01
1.614292282466117001e+01
1.721035963432744254e+01
1.267111930631066841e+01
1.399978925812794373e+01
1.600132409253519938e+01
1.681453490117559113e+01
1.840825959586066318e+01
1.240222709183451499e+01
