2.126393902565249405e+01
2.206092425383801725e+01
2.142118014439267881e+01
2.132033430749196867e+01
2.117781612698446736e+01
2.079407510501643941e+01
2.193450109152935923e+01
2.075945924280786770e+01
2.089386949321022513e+01
2.166211795098544712e+01
2.128874285589732551e+01
2.192684622219847057e+01
2.071019339449027541e+01
2.198181378906575389e+01
2.051329331285450408e+01
2.058177052125228457e+01
2.230180145897109867e+01
2.144582500457496366e+01
2.167590304006254343e+01
2.174750389405746986e+01
2.136700609298587139e+01
2.089355888478550227e+01
2.160399909569243704e+01
