2.126508017884136237e+01
2.206005794526668851e+01
2.142214248902921980e+01
2.055463783539042666e+01
1.627786830791987782e+01
1.807600918100079923e+01
1.546251571600904029e+01
1.761545091519971251e+01
2.132128061222219984e+01
1.952828190417337595e+01
1.981361192035656416e+01
2.117585772071311112e+01
1.880467483957277963e+01
2.079411342665407858e+01
1.921812945711879550e+01
2.193704274831192791e+01
2.075999359095391128e+01
2.089987721112520802e+01
2.165928285524347174e+01
2.128643537973473698e+01
2.192414900542128819e+01
1.642085456426223544e+01
1.898653647652464826e+01
1.849569367659607266e+01
2.049347071283389710e+01
1.601470284425607105e+01
2.070219950242886853e+01
1.935556092644265647e+01
2.198762608065937130e+01
2.051654846489471140e+01
2.057403054567153688e+01
2.230771296945973248e+01
2.055166296484398814e+01
2.144523077259279020e+01
2.167840327954059276e+01
2.040496158427985307e+01
2.175064885621481992e+01
2.136467995422716726e+01
1.941358179737780532e+01
2.090158278699793470e+01
1.923074078480888360e+01
2.082864874388281251e+01
1.990256247596101602e+01
1.675263858819563367e+01
1.994000158675685341e+01
2.111962675634725173e+01
2.122919571769249458e+01
2.160300110275033347e+01
1.609995057445361510e+01
