2.126508016225945497e+01
2.206005794526668851e+01
2.142214248990961067e+01
2.055463783168696423e+01
1.627786822898301367e+01
1.807600916657621326e+01
1.546251582424982374e+01
1.761545099083329191e+01
2.132128061945813968e+01
1.952828191345749786e+01
1.981361191523429000e+01
2.117585771615108570e+01
1.880467482984482430e+01
2.079411342650855943e+01
1.921812938226374357e+01
2.193704276178700141e+01
2.075999359619260076e+01
2.089987720555182449e+01
2.165928288332866813e+01
2.128643537865789526e+01
2.192414901054356235e+01
1.642085457802834725e+01
1.898653648265100458e+01
1.849569368173289874e+01
2.049347070644560631e+01
1.601470288890134697e+01
2.070219949689914074e+01
1.935556092447814791e+01
2.198762602820699286e+01
2.051654851286509995e+01
2.057403054481661187e+01
2.230771311050053285e+01
2.055166296988258878e+01
2.144523073717342854e+01
2.167840328238549219e+01
2.040496158252270931e+01
2.175064884778198504e+01
2.136467997752842152e+01
1.941358179739963319e+01
2.090158278286882876e+01
1.923074078480888360e+01
2.082864871705635679e+01
1.990256247502241749e+01
1.675263858391737060e+01
1.994000157777832172e+01
2.111962690545345112e+01
2.122919570247119125e+01
2.160300110402362606e+01
1.609995044715346069e+01
