2.126508017103425985e+01
2.206005794526668851e+01
2.142214248969860790e+01
2.055463781826282244e+01
1.627786830447107391e+01
1.807600919739353174e+01
1.546251562581990768e+01
1.761545090921887535e+01
2.132128062972087790e+01
1.952828191107825972e+01
1.981361190884599921e+01
2.117585773966698071e+01
1.880467476464496812e+01
2.079411343123793188e+01
1.921812950298643230e+01
2.193704271620312696e+01
2.075999359309304282e+01
2.089987726153304237e+01
2.165928295943518478e+01
2.128643537734822289e+01
2.192414901096556790e+01
1.642085463155029146e+01
1.898653648529945315e+01
1.849569383729287253e+01
2.049347071380887542e+01
1.601470288898865846e+01
2.070219950039160040e+01
1.935556092335765044e+01
2.198762606895599347e+01
2.051654846489471140e+01
2.057403056095832383e+01
2.230771287927059987e+01
2.055166296678666882e+01
2.144523077492837260e+01
2.167840328258921900e+01
2.040496161648687945e+01
2.175064882332749150e+01
2.136467994631456335e+01
1.941358179654834615e+01
2.090158277315542534e+01
1.923074090281764015e+01
2.082864874450126891e+01
1.990256245874610030e+01
1.675263858586732724e+01
1.994000160794444199e+01
2.111962671684607784e+01
2.122919570222380869e+01
2.160300110989532385e+01
1.609995094381032743e+01
