1.820702711595923873e+01
1.869215904753971813e+01
1.833574086729374741e+01
1.496892680488798710e+01
1.214345216918295733e+01
1.443006394752526766e+01
1.127942781187327270e+01
1.450444062280046964e+01
1.829432784673444345e+01
1.479087202781433419e+01
1.698989308154089173e+01
1.853444448153896928e+01
1.553727429717276465e+01
1.794623911549628303e+01
1.507828592374132803e+01
1.843306622920722759e+01
1.786520599262252063e+01
1.910334893347156893e+01
1.843694547537455719e+01
1.806164696358930044e+01
1.845121412429008600e+01
1.166317623604600939e+01
1.381191465263211526e+01
1.308853941658485986e+01
1.650843802451669617e+01
1.142811507824843886e+01
1.757130743864406242e+01
1.333398326610583418e+01
1.840092723739678604e+01
1.793458017368879709e+01
1.776826850344175313e+01
1.805957337327468082e+01
1.713885203497530085e+01
1.877259712138284797e+01
1.830099707338647974e+01
1.739485328879739967e+01
1.841810778198751919e+01
1.853997057501557677e+01
1.607186336181543140e+01
1.763878297551402596e+01
1.631802702181545328e+01
1.605010017946132805e+01
1.727008302321886646e+01
1.263922965034512380e+01
1.402278989551542310e+01
1.606407743534579069e+01
1.692988316119440384e+01
1.835093468307519515e+01
1.209808640355557152e+01
