1.394723544650570091e+01
1.455017118965781187e+01
1.407099441295313547e+01
1.360540665075652278e+01
9.019670085946524196e+00
1.097426229711856571e+01
8.209201061535020827e+00
1.035586434158610381e+01
1.398132962694981352e+01
1.279582735610882160e+01
1.309695716256120512e+01
1.392173727463336697e+01
1.191629208378486204e+01
1.369162745681601656e+01
1.242432680134803213e+01
1.440049794659713278e+01
1.367295251667073863e+01
1.375931356712816900e+01
1.419856182170536840e+01
1.399408116351028575e+01
1.440220798446491557e+01
9.192583436353606530e+00
1.212701243588132094e+01
1.155446211260212941e+01
1.354432428862188509e+01
8.763576333013693542e+00
1.363937377639656212e+01
1.258368017084502632e+01
1.446867279533146267e+01
1.353734235047063805e+01
1.356983671666622548e+01
1.471003732332540004e+01
1.355850137370868858e+01
1.409617315368266333e+01
1.420220323048935818e+01
1.348531651688563215e+01
1.428971056181295474e+01
1.401166838674281401e+01
1.267845392194629461e+01
1.374465385457657796e+01
1.247094077030227588e+01
1.366673613242230267e+01
1.317133952873130021e+01
9.508620498401549881e+00
1.318143632900943096e+01
1.385661472304859387e+01
1.390070886152134655e+01
1.419127899739142684e+01
8.821301224216014703e+00
