1.393315784512162736e+01
1.463691384439257703e+01
1.407833666418570573e+01
1.364895014561858666e+01
9.038865853326072397e+00
1.096870584605228771e+01
8.307084068807283117e+00
1.043956722070582721e+01
1.397237353262928572e+01
1.273510623110805184e+01
1.307628938578530331e+01
1.387094019672920631e+01
1.188483904955223913e+01
1.368411247709043366e+01
1.253667995591886886e+01
1.441981410234847694e+01
1.366524564199343672e+01
1.352045756279229849e+01
1.420448930134346277e+01
1.409013687581607499e+01
1.440351386780617560e+01
9.208240363002012430e+00
1.210771224790345180e+01
1.160277739378304851e+01
1.359161745726456161e+01
8.713652375128717154e+00
1.363315708130359560e+01
1.260849518182585882e+01
1.440718429641251319e+01
1.357640475714833528e+01
1.357820429704680798e+01
1.494849058241626594e+01
1.356755909331183219e+01
1.401137601161791757e+01
1.421416554279875832e+01
1.348940893733719193e+01
1.429309191098986531e+01
1.404846231012951918e+01
1.266599861815249639e+01
1.373443700304051340e+01
1.249519650629820866e+01
1.370290221313481105e+01
1.317916505919379055e+01
9.485308629406663528e+00
1.314725212112053221e+01
1.370764384227266319e+01
1.386637642757602862e+01
1.419355479571006917e+01
8.668618897280826019e+00
