1.746405679236526254e+01
8.628968351531145498e-01
1.953942943490364925e+01
1.896734743895577324e+01
1.653458572580217378e+01
1.594529429684941491e+01
1.782089147887894498e+01
1.936642287352901093e+01
-3.313647026082827907e+00
1.776159377035000375e+01
-1.245076227556130455e+00
1.876996300579033417e+01
1.392446600430851511e+01
1.751042439803346795e+01
5.626839262639227179e+00
1.639166963221151718e+01
4.365366502788972980e+00
1.889781225362195016e+01
1.900337456148573168e+01
1.943228932138896781e+01
1.192767080232686894e+01
1.920037933615311232e+01
1.570239375731256359e+01
