1.388304269025377202e+01
1.130748672664807941e+01
1.423602304954469666e+01
1.403640081270703632e+01
1.196945113311409337e+01
1.349058431687955029e+01
1.420426344595073154e+01
1.375985408879370908e+01
2.986031524543216964e+00
1.408244413009672336e+01
1.366734198446260962e+01
1.449473106240626485e+01
1.335126519151550006e+01
1.422342322928876257e+01
7.087475566024299845e+00
1.394965761371556567e+01
2.472538154668477706e+00
1.211475093025007155e+01
1.436456522588395046e+01
1.442031874848959205e+01
1.363187738205989064e+01
1.396576925664244406e+01
1.404864018369488399e+01
