2.126116730652740117e+01
2.192835831211785802e+01
2.142229138474779049e+01
2.060944951190443319e+01
1.633005477607465039e+01
1.804986970051598760e+01
1.528035698195990477e+01
1.753454019524631136e+01
2.132186416058574707e+01
1.953026244273120682e+01
1.984881405164299295e+01
2.114821012271731604e+01
1.877427488997353677e+01
2.078199494396224978e+01
1.917358412834297710e+01
2.192975663792453389e+01
2.075090497973134518e+01
2.092120731430019731e+01
2.165518623618628880e+01
2.130906068425345623e+01
2.193019298654090576e+01
1.651272853986149158e+01
1.894699408735840507e+01
1.844082289664011398e+01
2.053785622815302503e+01
1.602952548667205335e+01
2.069825641224321799e+01
1.936009282382162056e+01
2.199001152358086486e+01
2.048725222038846283e+01
2.056018053545062330e+01
2.249911810401813028e+01
2.055745967726238632e+01
2.142818104563940551e+01
2.166220911696061435e+01
2.040965706493256704e+01
2.177139903530296294e+01
2.138472433570727560e+01
1.941380708142671097e+01
2.089494700020952678e+01
1.925352053484453307e+01
2.085369253323446159e+01
1.993955892945248110e+01
1.680227671586809635e+01
1.994667151625319335e+01
2.107164078013990149e+01
2.122174154279913694e+01
2.160766454661316871e+01
1.629143863728442554e+01
