1.394723543557175560e+01
1.455017118471743665e+01
1.407099440951888347e+01
1.360540665489836165e+01
9.019670082792396570e+00
1.097426230649727508e+01
8.209200960446503714e+00
1.035586430613672881e+01
1.398132962647733102e+01
1.279582734179064651e+01
1.309695716468396576e+01
1.392173727680796880e+01
1.191629208619320401e+01
1.369162745347771626e+01
1.242432681579262699e+01
1.440049793026351743e+01
1.367295251663890632e+01
1.375931356675618566e+01
1.419856181669860007e+01
1.399408116369036570e+01
1.440220798538350522e+01
9.192583443306693525e+00
1.212701234648162973e+01
1.155446208632500849e+01
1.354432428828719104e+01
8.763576333013693542e+00
1.363937376812379831e+01
1.258368002910209604e+01
1.446867279311775256e+01
1.353734234789313007e+01
1.356983671813778791e+01
1.471003731766197653e+01
1.355850137263457533e+01
1.409617315381272107e+01
1.420220320229047495e+01
1.348531651782514018e+01
1.428971057388376842e+01
1.401166838203708842e+01
1.267845394679187088e+01
1.374465385457657796e+01
1.247094079234297048e+01
1.366673613284794619e+01
1.317133955135770940e+01
9.508620498052303915e+00
1.318143632707038826e+01
1.385661473665281562e+01
1.390070885612986196e+01
1.419127899185078512e+01
8.821301274878507570e+00
