1.824709438043027632e+01
1.845723113562501183e+01
1.838975253742166771e+01
1.494848237372390187e+01
1.212189944139742082e+01
1.430619274837878407e+01
1.128442839456083746e+01
1.425305309150217070e+01
1.832686530244984269e+01
1.478831017181594731e+01
1.691377828345835610e+01
1.836712564140131576e+01
1.557651748930207702e+01
1.800388513789622280e+01
1.520205921122339987e+01
1.840815660351051974e+01
1.788033296477976819e+01
1.835214399301431243e+01
1.842172527168322560e+01
1.838162667259377869e+01
1.842514438726409765e+01
1.164679443641334089e+01
1.373530290680436394e+01
1.312760999966817010e+01
1.660674942130694731e+01
1.144263538216242182e+01
1.753967728916758873e+01
1.341218481708900967e+01
1.844727451762060610e+01
1.811325852367366096e+01
1.778497591557234259e+01
1.847229445184131791e+01
1.714540312974826364e+01
1.840428077681001540e+01
1.838167983295723218e+01
1.737547835109304017e+01
1.842613030037813004e+01
1.838068101051844039e+01
1.611002812807986118e+01
1.756666488995019293e+01
1.638790104402371028e+01
1.614292282495584629e+01
1.721035962902758953e+01
1.267111927767340873e+01
1.399978924793432711e+01
1.600132409170392123e+01
1.681453499119373873e+01
1.840825961829971646e+01
1.240222709598544881e+01
