1.391012486641640500e+01
1.410448275420227660e+01
1.407048698859574820e+01
1.366306354369563891e+01
9.063954817980688361e+00
1.101602686015283972e+01
8.081732884780180370e+00
1.040709107973023606e+01
1.394170004472882596e+01
1.270481052436864111e+01
1.307332244072282812e+01
1.382888693722756912e+01
1.187693659872688201e+01
1.367773946167839938e+01
1.238063443835329380e+01
1.438002569979103917e+01
1.367012948021554664e+01
1.383099577880204833e+01
1.417297432397160861e+01
1.397240967623091912e+01
1.444439945100480038e+01
9.269046145299391526e+00
1.208071393563895235e+01
1.157081273453910697e+01
1.362010768699742158e+01
8.747418049410418561e+00
1.366593524824672379e+01
1.260552147230941245e+01
1.457578424889563351e+01
1.361307062335011508e+01
1.358058111520395173e+01
1.461548362115029320e+01
1.361273489493438049e+01
1.414775806961682925e+01
1.413789653311388861e+01
1.351019467750014869e+01
1.434551401743327226e+01
1.398064115453922440e+01
1.262587348684551358e+01
1.376538863781533628e+01
1.244955766858006641e+01
1.378070165684811599e+01
1.318949147535469635e+01
9.551452990899832685e+00
1.313491507674645398e+01
1.374725442975506873e+01
1.382453663689717693e+01
1.422056019439813390e+01
8.794949584315805424e+00
