1.824470388706131985e+01
1.844430626708856380e+01
1.839679655169404171e+01
1.834071450312691454e+01
1.837081463201286979e+01
1.800041409994013719e+01
1.840593209233228933e+01
1.788322637181612507e+01
1.832097469735994721e+01
1.841693712364865476e+01
1.837158199176100126e+01
1.841294038610547901e+01
1.754479406738015967e+01
1.846021625040935987e+01
1.812508590059430702e+01
1.778301077162541688e+01
1.845543263101554032e+01
1.842614890843071862e+01
1.839752926146272216e+01
1.842261109351749582e+01
1.839497685991341669e+01
1.756467691434268730e+01
1.841377737430510919e+01
