1.817401140685031891e+01
1.837497655849717049e+01
1.838128371212896894e+01
1.501303586901329012e+01
1.219360977498687504e+01
1.439463735809053446e+01
1.113051952629792751e+01
1.418683422944344663e+01
1.825425762468626090e+01
1.477760757889274501e+01
1.698048957382811963e+01
1.840109946645904415e+01
1.556582040830681102e+01
1.796129677304023176e+01
1.506988974200642062e+01
1.844661900019668010e+01
1.787836238663314958e+01
1.840398422079105245e+01
1.839312219958486239e+01
1.839066160151300977e+01
1.846637643446905130e+01
1.170443261370798815e+01
1.380062339482677558e+01
1.306860392004151805e+01
1.661057562531403065e+01
1.143854923362403753e+01
1.758228302529909826e+01
1.335532094019202631e+01
1.846904594116268683e+01
1.798761530195826808e+01
1.778797599898004478e+01
1.814044202172138753e+01
1.716543067869798733e+01
1.838942235547592574e+01
1.830308239553331262e+01
1.740498416082853694e+01
1.844359419736655781e+01
1.845275633554497219e+01
1.600367474113513566e+01
1.765784282544002437e+01
1.638540737057016727e+01
1.603367231896717726e+01
1.729471337949087228e+01
1.271456483640643853e+01
1.403415849161948614e+01
1.600693840130655943e+01
1.693467468772817242e+01
1.838653041068970495e+01
1.239334034388675398e+01
