2.116716713582783527e+01
1.717840091587999751e+01
2.167282489934379441e+01
2.140269741996602804e+01
1.820024049918797360e+01
2.049012616128386455e+01
2.163264902940854384e+01
2.089236299562487886e+01
4.553602921660951708e+00
2.148823036904900619e+01
2.078754481456110881e+01
2.206727646681101973e+01
2.026491079503053072e+01
2.162786298918453198e+01
1.073280465661350114e+01
2.115095866732190188e+01
3.716342280118982266e+00
1.844137862524187454e+01
2.192542443256963125e+01
2.194748128161617018e+01
2.077116720201318500e+01
2.123445032163745338e+01
2.138512776701383444e+01
