2.126508016514801014e+01
2.206005794526668851e+01
2.142214250700083511e+01
2.055463783263647670e+01
1.627786830663203332e+01
1.807600929871851747e+01
1.546251565762675639e+01
1.761545091300964927e+01
2.132128061766461613e+01
1.952828191386495149e+01
1.981361192071308608e+01
2.117585771789003957e+01
1.880467482171757965e+01
2.079411342661042283e+01
1.921812941841070099e+01
2.193704274716960256e+01
2.075999359931398658e+01
2.089987721319157998e+01
2.165928286788908608e+01
2.128643537669338670e+01
2.192414901015066064e+01
1.642085441577449245e+01
1.898653647792163213e+01
1.849569379432106686e+01
2.049347076786924049e+01
1.601470297883218308e+01
2.070219952137546215e+01
1.935556092775232884e+01
2.198762609919123534e+01
2.051654846489471140e+01
2.057403054599167902e+01
2.230771285805390747e+01
2.055166297016635113e+01
2.144523079470806337e+01
2.167840329987689429e+01
2.040496157176156800e+01
2.175064887054118046e+01
2.136467997401049601e+01
1.941358182509556585e+01
2.090158278303253780e+01
1.923074078480888360e+01
2.082864871746381041e+01
1.990256249110955977e+01
1.675263856521088357e+01
1.994000157619216296e+01
2.111962650340586123e+01
2.122919571663020477e+01
2.160300110248839900e+01
1.609995013419269583e+01
