1.824709438043027632e+01
1.845723113852629993e+01
1.838975254079589305e+01
1.494848251084659907e+01
1.212189944959287757e+01
1.430619272475420445e+01
1.128442839680387877e+01
1.425305309373861817e+01
1.832686529666409214e+01
1.478831015775152125e+01
1.691377829418129863e+01
1.836712564534033731e+01
1.557651750985483829e+01
1.800388514205079460e+01
1.520205912478138544e+01
1.840815660008900068e+01
1.788033295966749847e+01
1.835214407019585181e+01
1.842172528340297433e+01
1.838162666127329814e+01
1.842514440176690016e+01
1.164679445670780567e+01
1.373530291008763982e+01
1.312761000760260188e+01
1.660674941890588130e+01
1.144263538488362997e+01
1.753967729145860588e+01
1.341218486229453433e+01
1.844727451694576104e+01
1.811325850747465083e+01
1.778497591960504209e+01
1.847229444480069205e+01
1.714540311609697554e+01
1.840428079632345160e+01
1.838167986780133845e+01
1.737547835400819807e+01
1.842613029934539881e+01
1.838068100469176258e+01
1.611002815327195492e+01
1.756666488771238122e+01
1.638790104891952026e+01
1.614292282471210171e+01
1.721035962932999652e+01
1.267111929986507946e+01
1.399978925149590836e+01
1.600132409231328268e+01
1.681453493209659200e+01
1.840825960171053310e+01
1.240222709919414612e+01
