1.394580365318927484e+01
1.453285425375511686e+01
1.407140690158760776e+01
1.398205886478108262e+01
1.391367063967300766e+01
1.368964236332127449e+01
1.440341327583250930e+01
1.367391109876463595e+01
1.374814164621614587e+01
1.419519626744306073e+01
1.399978792578884779e+01
1.440205103319297741e+01
1.364339559313447126e+01
1.445482743948838156e+01
1.354447127269676621e+01
1.357896484939914927e+01
1.472403175016106758e+01
1.409656643652523300e+01
1.420451688716268457e+01
1.428820104506328370e+01
1.402588503541064036e+01
1.374246306582507948e+01
1.419233283111383237e+01
