1.817401140685034377e+01
1.837497655849745826e+01
1.838128371212894407e+01
1.501303586901332032e+01
1.219360977498692655e+01
1.439463735809053446e+01
1.113051952629788843e+01
1.418683422944348749e+01
1.825425762468626800e+01
1.477760757889274146e+01
1.698048957382813384e+01
1.840109946645898376e+01
1.556582040830678615e+01
1.796129677304023886e+01
1.506988974200644016e+01
1.844661900019668366e+01
1.787836238663315669e+01
1.840398422079094942e+01
1.839312219958487660e+01
1.839066160151298845e+01
1.846637643446905486e+01
1.170443261370795973e+01
1.380062339482683775e+01
1.306860392004153049e+01
1.661057562531402709e+01
1.143854923362400733e+01
1.758228302529911602e+01
1.335532094019196769e+01
1.846904594116268328e+01
1.798761530195830716e+01
1.778797599898003057e+01
1.814044202172143372e+01
1.716543067869798378e+01
1.838942235547607140e+01
1.830308239553331973e+01
1.740498416082853694e+01
1.844359419736655425e+01
1.845275633554495442e+01
1.600367474113509658e+01
1.765784282544001371e+01
1.638540737057017438e+01
1.603367231896714884e+01
1.729471337949088650e+01
1.271456483640646518e+01
1.403415849161947015e+01
1.600693840130656653e+01
1.693467468772815465e+01
1.838653041068971561e+01
1.239334034388668293e+01
