1.824470388592592940e+01
1.844430626674187224e+01
1.839679654718965551e+01
1.834071450281401994e+01
1.837081463282386906e+01
1.800041410094562622e+01
1.840593209381010453e+01
1.788322637184865371e+01
1.832097469933784240e+01
1.841693712389728788e+01
1.837158199503225475e+01
1.841294039977396224e+01
1.754479406121321006e+01
1.846021624715450571e+01
1.812508589294686345e+01
1.778301077248817208e+01
1.845543263138240775e+01
1.842614890563195473e+01
1.839752925339091405e+01
1.842261109162948429e+01
1.839497685610834665e+01
1.756467691369401862e+01
1.841377737362634193e+01
