2.126351027329065957e+01
2.222043345033513617e+01
2.138238372476335059e+01
2.056128476900708790e+01
1.629984703692010939e+01
1.806443820598680006e+01
1.536124731959890966e+01
1.750139823211710421e+01
2.133183553016791834e+01
1.955122855804280846e+01
1.983074190176011697e+01
2.126705400083043429e+01
1.879824812061984929e+01
2.079019096553944124e+01
1.912713969731787245e+01
2.198889192470439724e+01
2.075932856025421813e+01
2.101423683159699962e+01
2.165166084540916103e+01
2.119840216788212572e+01
2.193367449897460375e+01
1.645991036667338037e+01
1.896532940977617088e+01
1.847155364728049065e+01
2.050885253487368232e+01
1.599933496447306069e+01
2.070532389782901816e+01
1.938528400636123905e+01
2.192307123338466823e+01
2.047346864213316309e+01
2.055359725734121668e+01
2.201505992855118876e+01
2.055926851379435405e+01
2.154021596985850806e+01
2.165593969645935246e+01
2.041121358332717861e+01
2.176748195728768565e+01
2.140278274166506733e+01
1.943884317063332645e+01
2.088434271649912333e+01
1.928628377327915189e+01
2.084895525837302088e+01
1.990132013324144822e+01
1.676710523313009915e+01
1.992228579956572077e+01
2.120533215778526426e+01
2.119408660844499437e+01
2.158878562643841548e+01
1.631464037338722051e+01
