2.029763656801632266e+01
1.432866440962016430e+00
2.301030587673243133e+01
2.209586395399456293e+01
1.917144340205802067e+01
1.824418518557149227e+01
2.112015724569402053e+01
2.261341062691120385e+01
-4.118285634476734458e+00
2.083024143921502258e+01
-2.403681560899090019e+00
2.240053638692944205e+01
1.607109611752525780e+01
2.073672850419913871e+01
6.409735361670699128e+00
1.898116222461979774e+01
5.307504202342241406e+00
2.263912301565397200e+01
2.253780897972553277e+01
2.320297601551114752e+01
1.344683801554905855e+01
2.319537349010047222e+01
1.822940469548049691e+01
