1.331004621071021710e+01
9.410679649018214299e-01
1.511593460040809411e+01
1.449331194834306658e+01
1.261195345048155581e+01
1.201156541114477250e+01
1.386470588049447272e+01
1.489346928342736476e+01
-2.720730305944695449e+00
1.364756225810890200e+01
-1.590364101994463208e+00
1.471542446227604373e+01
1.058325768788089860e+01
1.363418208308816837e+01
4.223275782172307480e+00
1.252269304886974055e+01
3.521257118613513537e+00
1.488696102093571838e+01
1.477095807665459581e+01
1.525323750659253541e+01
8.814146734312940268e+00
1.526488516755229874e+01
1.197203791559084607e+01
