1.394580365312788395e+01
1.453285424125274794e+01
1.407140688521488414e+01
1.398205886633131634e+01
1.391367053769500473e+01
1.368964237638753012e+01
1.440341327733272081e+01
1.367391110130212617e+01
1.374814162649329852e+01
1.419519626792100020e+01
1.399978786050622759e+01
1.440205104009945281e+01
1.364339559316880468e+01
1.445482743937992431e+01
1.354447124172324202e+01
1.357896482272321492e+01
1.472403171931555477e+01
1.409656642715129848e+01
1.420451687293091148e+01
1.428820107537310413e+01
1.402588503603728221e+01
1.374246307010948165e+01
1.419233285299900338e+01
