1.824470388646794561e+01
1.844430626523228867e+01
1.839679654493351180e+01
1.834071450371021328e+01
1.837081463252647850e+01
1.800041410043787238e+01
1.840593208467582187e+01
1.788322637152495886e+01
1.832097469134977885e+01
1.841693711747586448e+01
1.837158199111786061e+01
1.841294039451654285e+01
1.754479406192067614e+01
1.846021624358044733e+01
1.812508589321549834e+01
1.778301077274354114e+01
1.845543263558836600e+01
1.842614891752933204e+01
1.839752925739740874e+01
1.842261108445324425e+01
1.839497685819063477e+01
1.756467691498054862e+01
1.841377737393231584e+01
