2.126351027329065246e+01
2.222043345032881234e+01
2.138238372476352467e+01
2.056128476900715185e+01
1.629984703692068848e+01
1.806443820598632044e+01
1.536124731959711376e+01
1.750139823211654644e+01
2.133183553016796452e+01
1.955122855804281556e+01
1.983074190176001039e+01
2.126705400083046982e+01
1.879824812061939809e+01
2.079019096553920321e+01
1.912713969731703045e+01
2.198889192470446829e+01
2.075932856025420747e+01
2.101423683159654487e+01
2.165166084540916103e+01
2.119840216788280429e+01
2.193367449897463572e+01
1.645991036667337681e+01
1.896532940977635917e+01
1.847155364728048710e+01
2.050885253487323823e+01
1.599933496447304471e+01
2.070532389782874105e+01
1.938528400636095483e+01
2.192307123338471442e+01
2.047346864213326612e+01
2.055359725734126997e+01
2.201505992854887594e+01
2.055926851379432208e+01
2.154021596985910136e+01
2.165593969645934891e+01
2.041121358332711466e+01
2.176748195728806579e+01
2.140278274166461614e+01
1.943884317063325540e+01
2.088434271649922280e+01
1.928628377327958532e+01
2.084895525837299601e+01
1.990132013324168625e+01
1.676710523313050416e+01
1.992228579956582735e+01
2.120533215778496228e+01
2.119408660844488068e+01
2.158878562643844390e+01
1.631464037338868067e+01
