1.394580365312788395e+01
1.453285427544019903e+01
1.407140689452901938e+01
1.398205886468376669e+01
1.391367047258882650e+01
1.368964237653486826e+01
1.440341328314780256e+01
1.367391110435643675e+01
1.374814149099200300e+01
1.419519626579460159e+01
1.399978789926116107e+01
1.440205103408041687e+01
1.364339559464013973e+01
1.445482744173801670e+01
1.354447128384694388e+01
1.357896481382653775e+01
1.472403175536352649e+01
1.409656641937148081e+01
1.420451688433597504e+01
1.428820104314606887e+01
1.402588503603728221e+01
1.374246307258103350e+01
1.419233282402977814e+01
