1.824709438043027632e+01
1.845723113892011114e+01
1.838975254153985972e+01
1.494848253397504934e+01
1.212189944871794367e+01
1.430619271686661165e+01
1.128442840651296208e+01
1.425305301698999827e+01
1.832686529569502554e+01
1.478831013923784710e+01
1.691377830854494846e+01
1.836712564701744554e+01
1.557651749097372829e+01
1.800388514029910780e+01
1.520205923121500291e+01
1.840815659828820117e+01
1.788033295689626812e+01
1.835214406868609061e+01
1.842172528365581385e+01
1.838162669141122407e+01
1.842514441192049901e+01
1.164679444123002483e+01
1.373530290549832955e+01
1.312761000550712609e+01
1.660674945628247556e+01
1.144263538598775654e+01
1.753967729197610836e+01
1.341218483584006194e+01
1.844727452223902020e+01
1.811325850727183351e+01
1.778497592754902357e+01
1.847229448265818164e+01
1.714540312903067232e+01
1.840428079416613016e+01
1.838167984354852535e+01
1.737547835145410957e+01
1.842613029944908121e+01
1.838068102268202253e+01
1.611002815248569675e+01
1.756666488480984256e+01
1.638790104606461639e+01
1.614292282481305563e+01
1.721035962738435998e+01
1.267111927568957341e+01
1.399978925583601708e+01
1.600132409452517379e+01
1.681453494703413298e+01
1.840825960152135821e+01
1.240222709138704360e+01
