1.394723544431381868e+01
1.455017119156047478e+01
1.407099441054479350e+01
1.360540664729316696e+01
9.019670070268654527e+00
1.097426233573389176e+01
8.209200970033942113e+00
1.035586430578930184e+01
1.398132962715990679e+01
1.279582732216193186e+01
1.309695716341658489e+01
1.392173727883705148e+01
1.191629211114064368e+01
1.369162745669278003e+01
1.242432682680024136e+01
1.440049794449801901e+01
1.367295251671894185e+01
1.375931356688897189e+01
1.419856180833670578e+01
1.399408116520285539e+01
1.440220798385828260e+01
9.192583447395781704e+00
1.212701203092334801e+01
1.155446205945125904e+01
1.354432428674468802e+01
8.763576353128078367e+00
1.363937376716337191e+01
1.258368014719179762e+01
1.446867279197724621e+01
1.353734234732924335e+01
1.356983671671715719e+01
1.471003734496591697e+01
1.355850137324939375e+01
1.409617315379635016e+01
1.420220326016162282e+01
1.348531651856910685e+01
1.428971056051237731e+01
1.401166840366669142e+01
1.267845393717305491e+01
1.374465385455838806e+01
1.247094076957831810e+01
1.366673613294617162e+01
1.317133955104848120e+01
9.508620498767166751e+00
1.318143622734611320e+01
1.385661473406803168e+01
1.390070884691849962e+01
1.419127899328960574e+01
8.821301235672009966e+00
