1.822240039097303921e+01
1.526126051203493716e+01
1.816884330056193519e+01
1.836133061661922383e+01
1.624530167428665806e+01
1.767355171345199594e+01
1.832686549944988741e+01
1.804568565416273529e+01
2.495998152170030959e+00
1.836169598910688094e+01
1.909393008716590145e+01
1.845727228604863157e+01
1.711871534495240965e+01
1.835202547333983958e+01
1.034746358754304119e+01
1.780723977148282344e+01
2.525632569771573355e+00
1.540006721733615258e+01
1.837751447119415715e+01
1.811879933521178287e+01
1.820616108940691547e+01
1.757655077744444228e+01
1.863063943789383003e+01
