1.820702711595920320e+01
1.869215904754380730e+01
1.833574086729367636e+01
1.496892680488769223e+01
1.214345216918229475e+01
1.443006394752572064e+01
1.127942781187277355e+01
1.450444062280107005e+01
1.829432784673444701e+01
1.479087202781404287e+01
1.698989308154089883e+01
1.853444448153933521e+01
1.553727429717278419e+01
1.794623911549629725e+01
1.507828592374220200e+01
1.843306622920726667e+01
1.786520599262253128e+01
1.910334893347544849e+01
1.843694547537462114e+01
1.806164696358775146e+01
1.845121412429011087e+01
1.166317623604598985e+01
1.381191465263187546e+01
1.308853941658471776e+01
1.650843802451687381e+01
1.142811507824848150e+01
1.757130743864414413e+01
1.333398326610633688e+01
1.840092723739710223e+01
1.793458017368963553e+01
1.776826850344174247e+01
1.805957337327155088e+01
1.713885203497536125e+01
1.877259712138303271e+01
1.830099707338648685e+01
1.739485328879746717e+01
1.841810778198705023e+01
1.853997057501589296e+01
1.607186336181561259e+01
1.763878297551390162e+01
1.631802702181516196e+01
1.605010017946111134e+01
1.727008302321861777e+01
1.263922965034461932e+01
1.402278989551539112e+01
1.606407743534622057e+01
1.692988316119454950e+01
1.835093468307517028e+01
1.209808640355530684e+01
