1.394580365312788395e+01
1.453285423054140146e+01
1.407140685995821627e+01
1.398205886674490905e+01
1.391367064422775712e+01
1.368964237752985547e+01
1.440341327422088469e+01
1.367391110133327636e+01
1.374814159431185168e+01
1.419519625484132952e+01
1.399978789942009527e+01
1.440205103364522365e+01
1.364339559076728392e+01
1.445482743935491321e+01
1.354447126809790625e+01
1.357896485000851072e+01
1.472403195860437819e+01
1.409656642635094315e+01
1.420451688570408244e+01
1.428820104742796993e+01
1.402588503933738373e+01
1.374246306030399190e+01
1.419233283062657058e+01
