1.394723544505778534e+01
1.455017119033629491e+01
1.407099441240380067e+01
1.360540665351411072e+01
9.019670088682284259e+00
1.097426231815517816e+01
8.209201077325213092e+00
1.035586429680167520e+01
1.398132962655782130e+01
1.279582733468112643e+01
1.309695716312327285e+01
1.392173727893436741e+01
1.191629207244892008e+01
1.369162745609205878e+01
1.242432688260410778e+01
1.440049794516285964e+01
1.367295251673804124e+01
1.375931356741556932e+01
1.419856184457097470e+01
1.399408116266536517e+01
1.440220798451766626e+01
9.192583414049158463e+00
1.212701239281492782e+01
1.155446208770380245e+01
1.354432428709029601e+01
8.763576347587436643e+00
1.363937376758901543e+01
1.258368005189949024e+01
1.446867279855289290e+01
1.353734234639064482e+01
1.356983671682447756e+01
1.471003733957534187e+01
1.355850137140311951e+01
1.409617315441662555e+01
1.420220323457480838e+01
1.348531651870916903e+01
1.428971055369844301e+01
1.401166838679192672e+01
1.267845395733109548e+01
1.374465386538683198e+01
1.247094079130250854e+01
1.366673613152190292e+01
1.317133955123219913e+01
9.508620500815348819e+00
1.318143625385788376e+01
1.385661472200267497e+01
1.390070883522239775e+01
1.419127899232736034e+01
8.821301212641785128e+00
