2.126116730652740472e+01
2.192835831211797171e+01
2.142229138474776562e+01
2.060944951190447583e+01
1.633005477607467881e+01
1.804986970051596629e+01
1.528035698195987990e+01
1.753454019524624385e+01
2.132186416058573997e+01
1.953026244273121392e+01
1.984881405164300006e+01
2.114821012271722722e+01
1.877427488997351190e+01
2.078199494396227820e+01
1.917358412834296644e+01
2.192975663792454100e+01
2.075090497973136650e+01
2.092120731430017599e+01
2.165518623618628524e+01
2.130906068425347399e+01
2.193019298654091997e+01
1.651272853986143119e+01
1.894699408735850099e+01
1.844082289664013530e+01
2.053785622815295397e+01
1.602952548667202848e+01
2.069825641224323221e+01
1.936009282382160990e+01
2.199001152358090394e+01
2.048725222038847349e+01
2.056018053545060909e+01
2.249911810401784606e+01
2.055745967726243606e+01
2.142818104563949788e+01
2.166220911696060725e+01
2.040965706493256704e+01
2.177139903530297360e+01
2.138472433570733955e+01
1.941380708142668965e+01
2.089494700020949836e+01
1.925352053484453663e+01
2.085369253323442962e+01
1.993955892945246688e+01
1.680227671586813898e+01
1.994667151625322177e+01
2.107164078013990860e+01
2.122174154279904812e+01
2.160766454661318292e+01
1.629143863728453212e+01
