2.126393901935111685e+01
2.206092425442436422e+01
2.142118013431183954e+01
2.132033430746729863e+01
2.117781610437602069e+01
2.079407509953190214e+01
2.193450108799267539e+01
2.075945924109938190e+01
2.089386947329547439e+01
2.166211795098544712e+01
2.128874286088897350e+01
2.192684622203112355e+01
2.071019339529864567e+01
2.198181370211771934e+01
2.051329332336849021e+01
2.058177054247841298e+01
2.230180135624924276e+01
2.144582501861665236e+01
2.167590304006254343e+01
2.174750389852126986e+01
2.136700610487264029e+01
2.089355889180015069e+01
2.160399909547597730e+01
