1.820702711595921386e+01
1.869215904753744084e+01
1.833574086729374386e+01
1.496892680488761229e+01
1.214345216918237647e+01
1.443006394752558919e+01
1.127942781187254440e+01
1.450444062280047319e+01
1.829432784673437951e+01
1.479087202781418675e+01
1.698989308154100186e+01
1.853444448153918600e+01
1.553727429717280550e+01
1.794623911549627593e+01
1.507828592374219667e+01
1.843306622920723115e+01
1.786520599262250997e+01
1.910334893347022955e+01
1.843694547537457495e+01
1.806164696358940702e+01
1.845121412429011798e+01
1.166317623604603604e+01
1.381191465263190921e+01
1.308853941658489894e+01
1.650843802451624143e+01
1.142811507824845307e+01
1.757130743864442124e+01
1.333398326610645235e+01
1.840092723739702407e+01
1.793458017368922341e+01
1.776826850344168918e+01
1.805957337327179957e+01
1.713885203497546783e+01
1.877259712138351233e+01
1.830099707338645487e+01
1.739485328879741743e+01
1.841810778198739840e+01
1.853997057501564427e+01
1.607186336181565167e+01
1.763878297551400820e+01
1.631802702181537867e+01
1.605010017946144174e+01
1.727008302321864974e+01
1.263922965034489643e+01
1.402278989551537158e+01
1.606407743534592925e+01
1.692988316119445003e+01
1.835093468307514186e+01
1.209808640355531573e+01
