2.126393902262302404e+01
2.206092425759546671e+01
2.142118014482139188e+01
2.132033430709997646e+01
2.117781608997417209e+01
2.079407510475757448e+01
2.193450108728741910e+01
2.075945925245499168e+01
2.089386948822153300e+01
2.166211795098544712e+01
2.128874272498454445e+01
2.192684622041887366e+01
2.071019338659472453e+01
2.198181369386837503e+01
2.051329331383141508e+01
2.058177055235154640e+01
2.230180136846477978e+01
2.144582501306873468e+01
2.167590304006254343e+01
2.174750388773648169e+01
2.136700610003435585e+01
2.089355885422039805e+01
2.160399909578884348e+01
