1.393315784512159894e+01
1.463691384439041521e+01
1.407833666418579810e+01
1.364895014561829178e+01
9.038865853325878774e+00
1.096870584605247601e+01
8.307084068807196076e+00
1.043956722070570997e+01
1.397237353262929105e+01
1.273510623110785289e+01
1.307628938578546851e+01
1.387094019672953493e+01
1.188483904955225334e+01
1.368411247709052603e+01
1.253667995591932716e+01
1.441981410234850358e+01
1.366524564199342251e+01
1.352045756279327904e+01
1.420448930134346988e+01
1.409013687581483687e+01
1.440351386780615606e+01
9.208240363002003548e+00
1.210771224790323686e+01
1.160277739378294903e+01
1.359161745726500747e+01
8.713652375128766892e+00
1.363315708130359916e+01
1.260849518182592099e+01
1.440718429641251497e+01
1.357640475714867279e+01
1.357820429704678489e+01
1.494849058241422135e+01
1.356755909331185173e+01
1.401137601161997992e+01
1.421416554279874767e+01
1.348940893733708357e+01
1.429309191098977472e+01
1.404846231012974123e+01
1.266599861815273975e+01
1.373443700304026294e+01
1.249519650629777701e+01
1.370290221313458190e+01
1.317916505919340864e+01
9.485308629406263847e+00
1.314725212112048425e+01
1.370764384227389954e+01
1.386637642757609790e+01
1.419355479571002832e+01
8.668618897281143987e+00
