2.126351027329069865e+01
2.222043345032988526e+01
2.138238372476353888e+01
2.056128476900673974e+01
1.629984703692051795e+01
1.806443820598644123e+01
1.536124731959941059e+01
1.750139823211687329e+01
2.133183553016803558e+01
1.955122855804275162e+01
1.983074190176018803e+01
2.126705400083122655e+01
1.879824812061957218e+01
2.079019096553946966e+01
1.912713969731690611e+01
2.198889192470444343e+01
2.075932856025419326e+01
2.101423683159448785e+01
2.165166084540919655e+01
2.119840216788315246e+01
2.193367449897463928e+01
1.645991036667336260e+01
1.896532940977608561e+01
1.847155364728057236e+01
2.050885253487357929e+01
1.599933496447309622e+01
2.070532389782900040e+01
1.938528400636116800e+01
2.192307123338440178e+01
2.047346864213382744e+01
2.055359725734124865e+01
2.201505992854982097e+01
2.055926851379446418e+01
2.154021596985925058e+01
2.165593969645932404e+01
2.041121358332729940e+01
2.176748195728745472e+01
2.140278274166541905e+01
1.943884317063347211e+01
2.088434271649914109e+01
1.928628377327945387e+01
2.084895525837297114e+01
1.990132013324134519e+01
1.676710523313002454e+01
1.992228579956575274e+01
2.120533215778497294e+01
2.119408660844501213e+01
2.158878562643840127e+01
1.631464037338837869e+01
